CPU Usages
----------------
CPU Id             CPU Usage
----------------
0                  100.0
1                  100.0
2                  100.0
3                  100.0
4                  100.0
5                  100.0
6                  0.0
7                  0.0
8                  1.0
9                  0.0
10                 0.0
11                 0.0
12                 0.0
13                 0.0
14                 0.0
15                 0.0
16                 14.0
22                 0.0
23                 0.0